 PonyOS 4.0 - An OS for Everypony!
     [0m\[0m                                               [00m
      [0m\[0m                                              [00m
       [0m\[0m        [38;5;97m▄[48;5;97;38;5;182m▄▄[49;38;5;97m▄[39m                                 [00m
     [38;5;97m▄▄[39m [38;5;17m▄▄[48;5;17;38;5;60m▄[48;5;60;38;5;17m▄[48;5;17;38;5;54m▄[38;5;205m▄[48;5;60;38;5;17m▄[49m▄[48;5;97;38;5;97m█[48;5;182;38;5;182m█[38;5;139m▄[38;5;182m█[48;5;97m▄[49;38;5;97m▄[39m                               [00m
     [38;5;97m▀[48;5;182;38;5;139m▄[48;5;97;38;5;182m▄[48;5;60;38;5;97m▄[38;5;60m█[38;5;54m▄[48;5;54;38;5;205m▄[48;5;205;38;5;60m▄[48;5;60m██[38;5;17m▄[48;5;17;38;5;182m▄[48;5;139;38;5;97m▄[48;5;182;38;5;182m█[48;5;139;38;5;97m▄[48;5;182;38;5;182m█[48;5;97;38;5;97m█[49;39m                               [00m
     [48;5;17;38;5;17m█[48;5;60;38;5;60m█[48;5;139m▄[48;5;182;38;5;54m▄[48;5;54m█[48;5;205;38;5;205m██[48;5;60;38;5;60m███[48;5;17m▄[48;5;182;38;5;17m▄[38;5;182m██[48;5;97m▄[48;5;182m█[48;5;97;38;5;97m█[48;5;17;38;5;61m▄[49;39m                              [00m
    [48;5;17;38;5;17m█[48;5;60;38;5;60m██[38;5;54m▄[48;5;54m█[38;5;205m▄[48;5;205m██[48;5;60;38;5;60m███[38;5;17m▄[48;5;17m█[48;5;182;38;5;182m█████[48;5;61;38;5;61m█[48;5;17m▄[49;39m                             [00m
    [48;5;17;38;5;17m█[48;5;60;38;5;60m██[48;5;54;38;5;54m█[49m▀[48;5;205;38;5;97m▄[38;5;182m▄[48;5;182m█[38;5;139m▄[38;5;182m████[38;5;16m▄▄[38;5;182m███[48;5;61;38;5;61m█[38;5;17m▄[49;39m           [38;5;17m▄▄▄▄▄[39m             [00m
    [38;5;17m▀[39m    [48;5;97;38;5;97m█[48;5;182;38;5;139m▄[48;5;139;38;5;182m▄[48;5;16;38;5;16m█[48;5;182;38;5;182m████[48;5;16;38;5;16m█[48;5;139m▄[48;5;182;38;5;182m██[38;5;97m▄[48;5;61;38;5;61m█[48;5;17;38;5;17m█[49;39m        [38;5;17m▄[48;5;17;38;5;60m▄▄[48;5;60m█[38;5;205m▄▄▄[38;5;60m█[48;5;17m▄▄[49;38;5;17m▄▄[39m         [00m
         [38;5;97m▄[48;5;97;38;5;139m▄[48;5;182;38;5;182m██[48;5;16m▄[48;5;182;38;5;16m▄▄[48;5;16;38;5;182m▄[48;5;139m▄[48;5;182m███[48;5;97;38;5;17m▄[48;5;61;38;5;61m█[48;5;17;38;5;17m█[49;39m       [48;5;17;38;5;17m█[48;5;60;38;5;60m█[38;5;205m▄[48;5;205;38;5;54m▄▄▄▄▄[38;5;205m██[48;5;60m▄[38;5;60m██[48;5;17m▄[49;38;5;17m▄[39m       [00m
         [38;5;97m▀[48;5;182m▄[38;5;182m█[38;5;139m▄[38;5;182m███[38;5;139m▄[38;5;97m▄[48;5;17;38;5;17m█[38;5;61m▄▄[48;5;61m█[38;5;17m▄[48;5;54;38;5;54m█[48;5;17;38;5;17m█[49;39m [38;5;97m▄▄▄▄[48;5;17;38;5;17m█[48;5;60;38;5;205m▄[48;5;205;38;5;54m▄[48;5;54;38;5;60m▄[48;5;60;38;5;17m▄▄[38;5;60m███[48;5;54m▄▄[48;5;205;38;5;54m▄[38;5;205m█[48;5;60m▄[38;5;60m██[48;5;17m▄[49;38;5;17m▄[39m     [00m
           [38;5;97m▀▀▀▀▀[48;5;97m█[48;5;182;38;5;182m█[38;5;17m▄▄▄[48;5;17;38;5;61m▄[48;5;61m█[48;5;54;38;5;205m▄[48;5;17;38;5;17m█[48;5;97;38;5;182m▄[48;5;182m█[38;5;231m▄[38;5;182m█[38;5;231m▄[38;5;182m█[48;5;97;38;5;97m█[49;38;5;17m▀▀[39m  [38;5;17m▀▀[48;5;60m▄[38;5;60m██[48;5;54m▄[38;5;54m█[48;5;205;38;5;205m█[48;5;60m▄[38;5;60m███[48;5;17m▄[49;38;5;17m▄[39m   [00m
                [48;5;97;38;5;97m█[48;5;182;38;5;182m█[48;5;17m▄[48;5;61;38;5;17m▄[38;5;54m▄▄[48;5;54;38;5;205m▄[48;5;205;38;5;61m▄[48;5;17;38;5;17m█[48;5;182;38;5;182m█[38;5;231m▄[38;5;205m▄[48;5;205m█[48;5;182m▄[38;5;182m██[48;5;97;38;5;97m█[49;39m      [38;5;17m▀[48;5;60m▄[38;5;60m█[48;5;54m▄[48;5;205;38;5;54m▄[38;5;205m█[48;5;60m▄[38;5;60m███[48;5;17m▄[49;38;5;17m▄[39m  [00m
                 [48;5;97;38;5;97m█[48;5;182;38;5;182m█[48;5;17m▄[48;5;205;38;5;17m▄[38;5;61m▄[48;5;61m█[38;5;17m▄[48;5;17;38;5;182m▄[48;5;182m█[38;5;231m▄[38;5;205m▄[48;5;205;38;5;182m▄[48;5;182;38;5;205m▄[38;5;231m▄[38;5;182m█[48;5;97;38;5;97m█[49;39m        [48;5;17;38;5;17m█[48;5;60;38;5;60m█[48;5;54;38;5;54m█[48;5;205m▄[38;5;205m█[48;5;60;38;5;60m████[48;5;17m▄[49;38;5;17m▄[39m [00m
              [38;5;96m▄[48;5;96;38;5;139m▄▄▄[48;5;97;38;5;96m▄[48;5;182;38;5;97m▄[48;5;17;38;5;182m▄▄▄[48;5;182m███[48;5;97m▄[48;5;182;38;5;97m▄[38;5;182m███[48;5;97;38;5;97m█[49;39m         [38;5;17m▀[48;5;60m▄[38;5;60m█[48;5;54;38;5;54m█[48;5;205;38;5;205m██[48;5;60;38;5;60m████[48;5;17m▄[49;38;5;17m▄[39m[00m
              [48;5;96;38;5;96m█[48;5;139;38;5;139m██[48;5;96;38;5;96m█[49m▀▀[48;5;97;38;5;97m█[48;5;182;38;5;182m██[48;5;97;38;5;97m█[49m▀▀[48;5;97;38;5;96m▄[38;5;139m▄[38;5;96m▄[48;5;182;38;5;97m▄[38;5;182m█[48;5;97m▄▄[49;38;5;97m▄[39m        [48;5;17;38;5;17m█[48;5;60;38;5;60m█[48;5;54;38;5;54m█[48;5;205;38;5;205m██[48;5;60;38;5;60m███[38;5;17m▄[49m▀[39m [00m
              [48;5;96;38;5;96m█[48;5;139;38;5;139m███[48;5;96m▄[49;38;5;96m▄[48;5;97;38;5;97m█[48;5;182;38;5;182m██[48;5;97;38;5;97m█[49;39m   [48;5;96;38;5;96m█[48;5;139;38;5;139m█[48;5;97m▄[48;5;182;38;5;97m▄[38;5;182m██[48;5;97;38;5;97m█[49;39m        [48;5;17;38;5;17m█[48;5;60;38;5;60m█[48;5;54;38;5;54m█[48;5;205;38;5;205m██[48;5;60;38;5;60m██[48;5;17;38;5;17m█[49;39m   [00m
              [38;5;96m▀[48;5;139m▄[38;5;139m███[48;5;97;38;5;97m█[48;5;182;38;5;182m███[48;5;97;38;5;97m█[49;39m   [48;5;96;38;5;96m█[48;5;139;38;5;139m██[48;5;97;38;5;97m█[48;5;182;38;5;182m██[48;5;97m▄[49;38;5;97m▄[39m       [48;5;17;38;5;17m█[48;5;60;38;5;54m▄[48;5;54m█[48;5;205;38;5;205m█[38;5;17m▄[48;5;60m▄[49m▀[39m    [00m
               [48;5;96;38;5;96m█[48;5;139m▄[38;5;139m█[38;5;96m▄[48;5;97;38;5;97m█[48;5;182;38;5;182m███[48;5;97;38;5;97m█[49;39m   [48;5;96;38;5;96m█[48;5;139;38;5;139m██[48;5;97;38;5;97m█[48;5;182;38;5;182m███[48;5;97;38;5;97m█[49;39m       [48;5;17;38;5;17m█[48;5;54;38;5;54m█[48;5;169;38;5;17m▄[49m▀[39m       [00m
                [38;5;96m▀▀[48;5;97;38;5;97m█[48;5;182;38;5;182m████[48;5;97;38;5;97m█[49;39m   [48;5;96;38;5;96m█[48;5;139;38;5;139m██[48;5;97;38;5;97m█[48;5;182;38;5;182m███[48;5;97m▄[49;38;5;97m▄[39m      [48;5;17;38;5;17m█[49m▀[39m         [00m
                 [48;5;97;38;5;97m█[38;5;182m▄[48;5;182m███[38;5;97m▄[49m▀[39m   [38;5;96m▀▀▀[48;5;97;38;5;97m█[48;5;182;38;5;182m████[48;5;97;38;5;97m█[49;39m                 [00m
                 [38;5;97m▀▀▀▀▀▀[39m       [38;5;97m▀▀▀▀▀▀[39m                 [00m
                                                     [00m
